N,Triton,Torch,Torch.compile
256.000000,1.489455,1.260308,1.560381
384.000000,2.048000,3.072000,4.096000
512.000000,4.681143,3.855059,5.041231
640.000000,5.851428,4.551111,5.851428
768.000000,7.021714,5.461333,7.021714
896.000000,8.192000,6.036211,7.645867
1024.000000,9.362286,6.553600,8.192000
1152.000000,10.532571,6.702545,9.216000
1280.000000,11.702857,7.447273,9.637647
1408.000000,12.873143,7.835826,10.601412
1536.000000,14.043428,8.192000,10.922666
1664.000000,15.213714,8.519680,11.210106
1792.000000,16.384000,8.192000,10.426182
1920.000000,17.554285,8.474483,10.685217
2048.000000,18.724571,8.738134,10.922666
2176.000000,18.568534,8.984774,11.141120
2304.000000,19.660800,8.936727,11.796480
2432.000000,20.753067,9.433212,11.972923
2560.000000,21.845334,9.637647,12.603077
2688.000000,21.504000,9.557333,12.743111
2816.000000,22.528000,10.012444,12.873143
2944.000000,23.552000,10.184648,12.994207
3072.000000,24.576000,10.347790,13.107200
3200.000000,25.600000,10.240000,13.653334
3328.000000,25.057882,10.389854,13.312000
3456.000000,19.233391,11.059200,14.269936
3584.000000,19.945739,9.760681,12.398702
3712.000000,20.658086,9.898666,12.182975
3840.000000,21.370434,10.031021,12.288000
3968.000000,21.162666,10.158080,12.697600
4096.000000,21.845333,10.280157,12.787512
4224.000000,22.527999,12.873143,17.441032
4352.000000,23.210666,10.712616,12.954791
4480.000000,23.893332,10.819623,13.335814
4608.000000,24.575999,10.724073,13.405091
4736.000000,24.248321,11.021964,13.777454
4864.000000,24.903681,10.922666,13.835378
4992.000000,25.559041,11.016827,13.890782
5120.000000,26.214401,11.299310,13.943829
5248.000000,25.836308,11.385491,14.292425
5376.000000,27.525121,11.468800,14.641021
5504.000000,28.180481,11.549377,14.677333
5632.000000,27.726770,11.627355,14.712164
5760.000000,28.356923,11.891613,15.046531
5888.000000,30.146561,11.962921,15.073280
6016.000000,29.617231,12.032000,15.098981
6144.000000,30.247385,11.915636,15.123692
6272.000000,30.877539,12.163879,15.438769
6400.000000,31.507693,12.226866,15.456604
6528.000000,32.137847,12.288000,15.473778
6656.000000,31.554370,12.347362,15.777185
6784.000000,32.161185,12.405028,15.506286
6912.000000,32.768000,12.461070,15.798857
7040.000000,27.306666,12.177297,15.018667
7168.000000,27.803151,12.233386,15.041049
7296.000000,28.299636,12.128416,15.062710
7424.000000,27.949176,11.878400,15.083683
7552.000000,28.431058,11.934025,15.104000
7680.000000,28.912941,11.702857,15.123692
7808.000000,29.394823,12.041253,15.375754
7936.000000,29.876705,12.092952,15.391030
8064.000000,30.358588,12.143435,15.405851
8192.000000,30.840470,12.192744,15.650388
8320.000000,30.427428,12.240919,15.661176
8448.000000,31.804235,12.014933,15.671652
8576.000000,32.286117,12.062945,15.681828
8704.000000,32.767999,11.979699,15.691718
8832.000000,31.402666,11.899958,15.922478
8960.000000,31.857777,12.072421,15.928888
9088.000000,32.312888,11.517466,15.935123
9216.000000,32.767999,11.565177,15.941188
9344.000000,32.325188,11.500308,16.162594
9472.000000,33.678221,11.437887,16.165546
9600.000000,33.210809,11.592453,16.168422
9728.000000,34.588443,11.529481,16.384001
9856.000000,34.096431,11.365477,16.384001
9984.000000,34.539242,11.513081,16.384001
10112.000000,34.982053,11.556571,16.384000
10240.000000,34.492633,11.599292,16.181729
10368.000000,32.368391,11.540035,16.184195
10496.000000,32.768001,11.482803,16.186603
10624.000000,31.624930,11.332267,15.998494
10752.000000,32.768000,11.374017,16.191247
10880.000000,32.386977,11.322276,16.193488
11008.000000,32.768000,11.455479,16.195678
11136.000000,32.395636,11.403263,16.197818
11264.000000,32.768000,11.352692,16.199910
11392.000000,33.140363,11.481700,16.201955
11520.000000,33.512727,11.520000,16.384000
11648.000000,33.132088,11.557706,16.384000
11776.000000,34.257454,11.506321,16.384000
11904.000000,33.860266,11.456482,16.384000
12032.000000,34.224355,11.579670,16.560172
12160.000000,34.588444,11.615522,16.558297
12288.000000,34.952533,11.565176,16.556463
12416.000000,35.316622,11.685647,16.728926
12544.000000,36.491636,11.719942,16.725333
12672.000000,36.864000,11.753739,16.721815
